201751242401 
201751242402 
201751242403 
201751242404 
201751242405 
201751242406 
201751242407 
201751242408 
201751242409 
201751242410 
201751242411 
201751242412 
201751242413 
201751242414 
201751242415 
201751242416 
201751242417 
201751242418 
201751242419 
201751242420 
201751242421 
201751242422 
201751242423 
201751242424 
201751242425 
201751242426 
201751242427 
201751242428 
201751242429 
201751242430 
201751242431 
201751242432 
201751242433 
201751242434 
201751242435 
201751242436 
201751242437 
201751242438 
201751242439 
201751242440 
201751242441 
201751242442 
201751242443 
201751242444 
201751242445 
201751242446 
201751242447 
201751242448 
201751242449 
201751242450 
201751242451 
201751242452 
201751242453 
201751242454 
201751242455 
201751242456 
201751242457 
201751242458 
201751242459 
201751242460 
201751242461 
201751242462 
201751242463 
201751242464 
201751242465 
201751242466 
201751242467 
201751242468 
201751242469 
201751242470 
201751242471 
201751242472 
201751242473 
201751242474 
201751242475 
201751242476 
201751242477 
201751242478 
201751242479 
201751242480 
201751242481 
201751242482 
201751242483 
201751242484 
201751242485 
201751242486 
201751242487 
201751242488 
201751242489 
201751242490 
201751242491 
201751242492 
201751242493 
201751242494 
201751242495 
201751242496 
201751242497 
201751242498 
201751242499 
201751242500 
201751242501 
201751242502 
201751242503 
201751242504 
201751242505 
201751242506 
201751242507 
201751242508 
201751242509 
201751242510 
201751242511 
201751242512 
201751242513 
201751242514 
201751242515 
201751242516 
201751242517 
201751242518 
201751242519 
201751242522 
201751242529 
201751242530 
201751242531 
201751242532 
201751242533 
201751242534 
201751242535 
201751242536 
201751242537 
201751242538 
201751242539 
201751242540 
201751242541 
201751242542 
201751242543 
201751242544 
201751242545 
201751242546 
201751242547 
201751242548 
201751242549 
201751242550 
201751242551 
201751242552 
201751242553 
201751242554 
201751242555 
201751242556 
201751242557 
201751242558 
201751242559 
201751242560 
201751242801 
201751242802 
201751242803 
201751242804 
201751242805 
201751242806 
201751242807 
201751242808 
201751242809 
201751242810 
201751242811 
201751242812 
201751242813 
201751242814 
201751242815 
201751242816 
201751242817 
201751242818 
201751242819 
201751242820 
201751242821 
201751242822 
201751242823 
201751242824 
201751242825 
201751242826 
201751242827 
201751242828 
201751242829 
201751242830 
201751242831 
201751242832 
201751242833 
201751242834 
201751242835 
201751242836 
201751242837 
201751242838 
201751242839 
201751242840 
201751242841 
201751242842 
201751242843 
201751242844 
201751242845 
201751242846 
201751242847 
201751242848 
201751242849 
201751242850 
201751242851 
201751242852 
201751242853 
201751242854 
201751242855 
201751242856 
201751242857 
201751242858 
201751242859 
201751242860 
201751242861 
201751242862 
201751242863 
201751242864 
201751242865 
201751242866 
201751242867 
201751242868 
201751242869 
201751242870 
201751242871 
201751242872 
201751242873 
201751242874 
201751242875 
201751242876 
201751242877 
201751242878 
201751242879 
201751242880 
201751242881 
201751242882 
201751242883 
201751242884 
201751242885 
201751242886 
201751242887 
201751242888 
201751242889 
201751242890 
201751242891 
201751242892 
201751242893 
201751242894 
201751242895 
201751242896 
201751242897 
201751242898 
201751242900 
201751242901 
201751242902 
201751242903 
201751242904 
201751242905 
201751242906 
201751242907 
201751242908 
201751242909 
201751242910 
201751242911 
201751242912 
201751242913 
201751242914 
201751242915 
201751242916 
201751242917 
201751242918 
201751242919 
201751242920 
201751242921 
201751242922 
201751242923 
201751242924 
201751242925 
201751243023 
201751242926 
201751242927 
201751242928 
201751242929 
201751242930 
201751242931 
201751242932 
201751242933 
201751242934 
201751242935 
201751242936 
201751242937 
201751242938 
201751242939 
201751242940 
201751242941 
201751242942 
201751242943 
201751242944 
201751242945 
201751242946 
201751242947 
201751242948 
201751242949 
201751242950 
201751242951 
201751242952 
201751242953 
201751242954 
201751242955 
201751242956 
201751242957 
201751242958 
201751242959 
201751242960 
201751242961 
201751242962 
201751242963 
201751242964 
201751242965 
201751242966 
201751242967 
201751242968 
201751242969 
201751242970 
201751242971 
201751242972 
201751242973 
201751242974 
201751242975 
201751242976 
201751243021 
201751242977 
201751242978 
201751242979 
201751242980 
201751242981 
201751242982 
201751242983 
201751242984 
201751242985 
201751242986 
201751242987 
201751242988 
201751242989 
201751242990 
201751242991 
201751242992 
201751242993 
201751242994 
201751242995 
201751242996 
201751242997 
201751242998 
201751242999 
201751243000 
201751243001 
201751243002 
201751243003 
201751243004 
201751243005 
201751243006 
201751243007 
201751243008 
201751243009 
201751243010 
201751243011 
201751243012 
201751243013 
201751243014 
201751243015 
201751243016 
201751243017 
201751243018 
201751243019 
201751243020 
201751243022 
201751243024 
201751243025 
201751243026 
201751243027 
201751243028 
201751243029 
201751243030 
201751243031 
201751243032 
201751243033 
201751243034 
201751243035 
201751243036 
201751243037 
201751243038 
201751243039 
201751243040 
201751243041 
201751243042 
201751243043 
201751243044 
201751243045 
201751243046 
201751243047 
201751243048 
201751243049 
201751243050 
201751243051 
201751243052 
201751243053 
201751243054 
201751243055 
201751243056 
201751243057 
201751243058 
201751243059 
201751243060 
201751243061 
201751243062 
201751243063 
201751243064 
201751243065 
201751243066 
201751243067 
201751243068 
201751243069 
201751243070 
201751243071 
201751243072 
201751243073 
201751243074 
201751243075 
201751243076 
201751243077 
201751243078 
201751243079 
201751243080 
201751243081 
201751243082 
201751243083 
201751243084 
201751243085 
201751243086 
201751243087 
201751243088 
201751243089 
201751243090 
201751243091 
201751243092 
201751243093 
201751243094 
201751243095 
201751243096 
201751243097 
201751243098 
201751243099 
201751243100 
201751243101 
201751243102 
201751243103 
201751243104 
201751243105 
201751243106 
201751243107 
201751243108 
201751243109 
201751243110 
201751243111 
201751243112 
201751243113 
201751243114 
201751243115 
201751243116 
201751243117 
201751243118 
201751243119 
201751243120 
201751243121 
201751243122 
201751243123 
201751243124 
201751243125 
201751243126 
201751243127 
201751243128 
201751243129 
201751243130 
201751243131 
201751243132 
201751243133 
201751243134 
201751243135 
201751243136 
201751243137 
201751243138 
201751243139 
201751243140 
201751243141 
201751243142 
201751243143 
201751243144 
201751243145 
201751243146 
201751243147 
201751243148 
201751243149 
201751243150 
201751244271 
201751244272 
201751244273 
201751244274 
201751244275 
201751244276 
201751244277 
201751244886 
201751244887 
201751244888 
201751244889 
201751244890 
201751244891 
201751244892 
201751244893 
201751244894 
2017512243151 
2017512243152 
2017512243153 
2017512243154 
2017512243155 
2017512243156 
2017512243157 
2017512243158 
2017512243159 
2017512243160 
2017512243161 
2017512243162 
2017512243163 
2017512243164 
2017512243165 
2017512243166 
2017512243167 
2017512243168 
2017512243169 
2017512243170 
2017512243171 
2017512243172 
2017512243173 
2017512243174 
2017512243175 
2017512243176 
2017512243177 
2017512243178 
2017512243179 
2017512243180 
2017512243181 
2017512243182 
2017512243183 
2017512243184 
2017512243185 
2017512243186 
2017512243187 
2017512243188 
2017512243189 
2017512243190 
2017512243191 
2017512243192 
2017512243193 
2017512243194 
2017512243195 
2017512243196 
2017512243197 
2017512243198 
2017512243199 
2017512243200 
2017512243201 
2017512243202 
2017512243203 
2017512243204 
2017512243205 
2017512243206 
2017512243207 
2017512243208 
2017512243209 
2017512243210 
2017512243211 
2017512243212 
2017512243213 
2017512243214 
2017512243215 
2017512243216 
2017512243217 
2017512243218 
2017512243219 
2017512243220 
2017512243221 
2017512243222 
2017512243223 
2017512243224 
2017512243225 
2017512243226 
2017512243227 
2017512243228 
2017512243229 
2017512243230 
2017512243231 

2017512243232 
2017512243233 
2017512243234 
2017512243235 
2017512243236 
2017512243237 
2017512243238 
2017512243239 
2017512243240 
2017512243241 
2017512243242 
2017512243243 
2017512243244 
2017512243245 













2017512243246 
2017512243247 
2017512243248 
2017512243249 
2017512243250 
2017512243251 
2017512243252 
2017512243253 
2017512243254 
2017512243255 
2017512243256 
2017512243257 
2017512243258 
2017512243259 
2017512243260 
2017512243261 
2017512243262 
2017512243263 
2017512243264 
2017512243265 
2017512243266 
2017512243267 
2017512243268 
2017512243269 
2017512243270 
2017512243271 
2017512243272 
2017512243273 
2017512243274 
2017512243275 
2017512243276 
2017512243277 
2017512243278 
2017512243279 
2017512243280 
2017512243281 
2017512243282 
2017512243283 
2017512243284 
2017512243285 
2017512243286 
2017512243287 
2017512243288 
2017512243289 
2017512243290 
2017512243291 
2017512243292 
2017512243293 
2017512243294 
2017512243295 
2017512243296 
2017512243297 
2017512243298 
2017512243299 
2017512243300 
201751243301 
201751243302 
201751243303 
201751243304 
201751243305 
201751243306 
201751243307 
201751243308 
201751243309 
201751243310 
201751243311 
201751243312 
201751243313 
201751243314 
201751243315 
201751243316 
201751243317 
201751243318 
201751243319 
201751243320 
201751243321 
201751243322 
201751243323 
201751243324 
201751243325 
201751243326 
201751243327 
201751243328 
201751243329 
201751243330 
201751243331 
201751243332 
201751243333 
201751243334 
201751243335 
201751243336 
201751243337 
201751243338 
201751243339 
201751243340 
201751243341 
201751243342 
201751243343 
201751243344 
201751243345 

201751243346 
201751243347 
201751243348 
201751243349 
201751243350 
201751243351 
201751243352 
201751243353 
201751243354 
201751243355 
201751243356 
201751243357 
201751243358 
201751243359 
201751243360 
201751243361 
201751243362 
201751243363 
201751243364 
201751243365 
201751243366 
201751243367 
201751243368 
201751243369 
201751243370 
201751243371 
201751243372 
201751243373 
201751243374 
201751243375 
201751243376 
201751243377 
201751243378 
201751243379 
201751243380 
201751243381 
201751243382 
201751243383 
201751243384 
201751243385 
201751243386 
201751243387 
201751243388 
201751243389 
201751243390 
201751243391 
201751243392 
201751243393 
201751243394 
201751243395 
201751243396 
201751243397 
201751243398 
201751243399 

201751243400 
201751243401 
201751243402 
201751243403 
201751243404 
201751243405 
201751243406 
201751243407 
201751243408 
201751243409 
201751243410 
201751243411 
201751243412 
201751243413 
201751243414 
201751243415 
201751243416 
201751243417 
201751243418 
201751243419 
201751243420 
201751243421 
201751243422 
201751243423 
201751243424 
201751243425 
201751243426 
201751243427 
201751243428 
201751243429 
201751243430 
201751243431 
201751243432 
201751243433 
201751243434 
201751243435 
201751243436 
201751243437 
201751243438 
201751243439 
201751243440 
201751243441 

201751243442 
201751243443 
201751243444 
201751243445 
201751243446 
201751243447 
201751243448 
201751243449 
201751243450 
201751243451 
201751243452 
201751243453 
201751243454 
201751243455 
201751243456 
201751243457 
201751243458 
201751243459 
201751243460 
201751243461 
201751243462 
201751243463 
201751243464 
201751243465 
201751243466 
201751243467 
201751243468 
201751243469 
201751243470 
201751243471 
201751243472 
201751243473 
201751243474 
201751243475 
201751243476 
201751243477 
201751243478 
201751243479 
201751243480 
201751243481 
201751243482 
201751243483 
201751243484 
201751243485 
201751243486 
201751243487 
201751243488 
201751243489 
201751243490 
201751243491 
201751243492 
201751243493 
201751243494 
201751243495 
201751243496 
201751243497 

201751243498 
201751243499 
201751243500 
201751243501 
201751243502 
201751243503 
201751243504 
201751243505 
201751243506 
201751243507 
201751243508 
201751243509 
201751243510 
201751243511 
201751243512 
201751243513 
201751243514 
201751243515 
201751243516 
201751243517 
201751243518 
201751243519 
201751243520 
201751243521 
201751243522 
201751243523 
201751243524 
201751243525 
201751243526 
201751243527 
201751243528 
201751243529 
201751243530 
201751243531 
201751243532 
201751243533 
201751243534 
201751243535 
201751243536 
201751243537 
201751243538 
201751243539 
201751243540 
201751243541 
201751243542 
201751243543 
201751243544 
201751243545 
201751243546 
201751243547 
201751243548 
201751243549 
201751243550 
201751243551 
201751243552 
201751243553 


201751243554 
201751243555 
201751243556 
201751243557 
201751243558 
201751243559 
201751243560 
201751243561 
201751243562 
201751243563 
201751243564 
201751243565 
201751243566 
201751243567 


201751243568 
201751243569 
201751243570 
201751243571 
201751243572 
201751243573 
201751243574 
201751243575 
201751243576 
201751243577 
201751243578 
201751243579 
201751243580 
201751243581 
201751243582 
201751243583 
201751243584 
201751243585 
201751243586 
201751243587 
201751243588 
201751243589 
201751243590 
201751243591 
201751243592 
201751243593 
201751243594 
201751243595 
201751243596 
201751243597 
201751243598 
201751243599 
201751243600 
201751244281 
201751244282 
201751244283 
201751244284 
201751244285 
201751244286 
201751244287 
201751244288 
201751244289 
201751244290 
201751244291 
201751244292 
201751274293 
201751244294 
201751244295 
201751244296 
201751244297 
201751244298 
201751244299 
201751244300 
201751243601 
201751243602 
201751243603 
201751243604 
201751243605 
201751243606 
201751243607 
201751243608 
201751243609 
201751243610 
201751243611 
201751243612 
201751243613 
201751243614 
201751243615 
201751243616 
201751243617 
201751243618 
201751243619 
201751243620 
201751243621 
201751243622 
201751243623 
201751243624 
201751243625 
201751243626 
201751243627 
201751243628 
201751243629 
201751243630 
201751243631 
201751243632 
201751243633 
201751243634 
201751243635 
201751243636 
201751243637 
201751243638 
201751243639 
201751243640 
201751243641 
201751243642 
201751243643 
201751243644 
201751243645 
201751243646 
201751243647 
201751243648 
201751243649 
201751243650 
201751243651 
201751243652 
201751243653 
201751243654 
201751243655 
201751243656 
201751243657 
201751243658 
201751243659 
201751243660 
201751243661 
201751243662 
201751243663 
201751243664 
201751243665 
201751243666 
201751243667 
201751243668 
201751243669 
201751243670 
201751243671 
201751243672 
201751243673 
201751243674 
201751243675 
201751243676 
201751243677 
201751243678 
201751243679 
201751243680 
201751243681 
201751243682 
201751243683 
201751243684 
201751243685 
201751243686 
201751243687 
201751243688 
201751243689 
201751243690 
201751243691 
201751243692 
201751243693 
201751243694 
201751243695 
201751243696 
201751243697 
201751243698 
201751243699 
201751243700 
201751243701 
201751243702 
201751243703 
201751243704 
201751243705 
201751243706 
201751243707 
201751243708 
201751243709 
201751243710 
201751243711 
201751243712 
201751243713 
201751243714 
201751243715 
201751243716 
201751243717 
201751243718 
201751243719 
201751243720 
201751243721 
201751243722 
201751243723 
201751243724 
201751243725 
201751243726 
201751243727 
201751243728 
201751243729 
201751243730 
201751243731 
201751243732 
201751243733 
201751243734 
201751243735 
201751243736 
201751243737 
201751243738 
201751243739 
201751243740 
201751243741 
201751243742 
201751243743 
201751243744 
201751243745 
201751243746 
201751243747 
201751243748 
201751243749 
201751243750 
201751243751 
201751243752 
201751243753 
201751243754 
201751243755 
201751243756 
201751243757 
201751243758 
201751243759 
201751243760 
201751243761 
201751243762 
201751243763 
201751243764 
201751243765 
201751243766 
201751243767 
201751243768 
201751243769 
201751243770 
201751243771 
201751243772 
201751243773 
201751243774 
201751243775 
201751243776 
201751243777 
201751243778 
201751243779 
201751243780 
201751243781 
201751243782 
201751243783 
201751243784 
201751243785 
201751243786 
201751243787 
201751243788 
201751243789 
201751243790 
201751243791 
201751243792 
201751243793 
201751243794 
201751243795 
201751243796 
201751243797 
201751243798 
201751243799 
201751243800 
201751243801 
201751243802 
201751243803 
201751243804 
201751243805 
201751243806 
201751243807 
201751243808 
201751243809 
201751243810 
201751243811 
201751243812 
201751243813 
201751243814 
201751243815 
201751243816 
201751243817 
201751243818 
201751243819 
201751243820 
201751243821 
201751243822 
201751243823 
201751243824 
201751243825 
201751243826 
201751243827 
201751243828 
201751243829 
201751243830 
201751243831 
201751243832 
201751243833 
201751243834 
201751243835 
201751243836 
201751243837 
201751243838 
201751243839 
201751243840 
201751243841 
201751243842 
201751243843 
201751243844 
201751243845 
201751243846 
201751243847 
201751243848 
201751243849 
201751243850 
201751243851 
201751243852 
201751243853 
201751243854 
201751243855 
201751243856 
201751243857 
201751243858 
201751243859 
201751243860 
201751243861 
201751243862 
201751243863 
201751243864 
201751243865 
201751243866 
201751243867 
201751243868 
201751243869 
201751243870 
201751243871 
201751243872 
201751243873 
201751243874 
201751243875 
201751243876 
201751243877 
201751243878 
201751243879 
201751243880 
201751243881 
201751243882 
201751243883 
201751243884 
201751243885 
201751243886 
201751243887 
201751243888 
201751243889 
201751243890 
201751243891 
201751243892 
201751243893 
201751243894 
201751243895 
201751243896 
201751243897 
201751243898 
201751243899 
201751243900 
201751243901 
201751243902 
201751243903 
201751243904 
201751243905 
201751243906 
201751243907 
201751243908 
201751243909 
201751243922 
201751243923 

201751243924 
201751243925 
201751243926 
201751243927 
201751243928 
201751243929 
201751243930 
201751243931 
201751243932 
201751243933 
201751243934 
201751243935 
201751243936 
201751243937 
201751243938 
201751243939 
201751243940 
201751243941 
201751243942 
201751243943 
201751243944 
201751243945 
201751243946 
201751243947 
201751243948 
201751243949 
201751243950 
201751243951 
201751243954 
201751243955 
201751243956 
201751243957 
201751243958 
201751243959 
201751243960 
201751243961 
201751243962 
201751243963 
201751243964 
201751243965 
201751243966 
201751243967 
201751243968 
201751243969 
201751243970 
201751243971 
201751243972 
201751243973 
201751243974 
201751243975 
201751243976 
201751243977 
201751243978 
201751243979 
201751244001 
201751244002 

201751244003 
201751244004 
201751244005 
201751244006 
201751244007 
201751244008 
201751244009 
201751244010 
201751244011 
201751244012 
201751244013 
201751244014 
201751244015 
201751244016 
201751244017 
201751244018 
201751244019 
201751244020 
201751244021 
201751244022 
201751244023 
201751244024 
201751244025 
201751244026 
201751244027 
201751244028 
201751244029 
201751244030 
201751244031 
201751244032 
201751244033 
201751244034 
201751244035 
201751244036 
201751244037 
201751244038 
201751244039 
201751244040 
201751244041 
201751244042 
201751244043 
201751244044 
201751244045 
201751244046 
201751244047 
201751244048 
201751244049 
201751244050 
201751244051 
201751244052 
201751244053 
201751244054 
201751244055 
201751244056 
201751244057 
201751244058 
201751244059 
201751244060 
201751244061 
201751244062 
201751244063 
201751244064 
201751244065 
201751244066 
201751244067 
201751244068 
201751244069 
201751244070 
201751244071 
201751244072 
201751244073 
201751244074 
201751244075 
201751244076 
201751244077 
201751244078 
201751244079 
201751244080 
201751244081 
201751244082 
201751244083 
201751244084 
201751244085 
201751244086 
201751244087 
201751244088 
201751244089 
201751244090 
201751244091 
201751244092 
201751244093 
201751244094 
201751244095 
201751244096 
201751244097 
201751244098 
201751244099 
201751244100 
201751244101 
201751244102 
201751244103 
201751244104 
201751244105 
201751244106 
201751244107 
201751244108 
201751244109 
201751244110 
201751244111 


201751244112 
201751244113 
201751244114 
201751244115 
201751244116 
201751244117 
201751244118 
201751244119 
201751244120 
201751244121 
201751244122 
201751244123 
201751244124 
201751244125 
201751244126 
201751244127 
201751244128 
201751244129 
201751244130 
201751244131 
201751244132 
201751244133 
201751244134 
201751244135 
201751244136 
201751244137 
201751244138 
201751244139 
201751244140 
201751244141 
201751244142 
201751244143 
201751244144 
201751244145 
201751244146 
201751244147 
201751244148 
201751244149 
201751244150 
201751244151 
201751244152 
201751244153 
201751244154 
201751244155 
201751244156 
201751244157 
201751244158 
201751244159 
201751244160 
201751244161 
201751244162 
201751244163 
201751244164 
201751244165 
201751244166 
201751244167 
201751244168 
201751244169 
201751244170 
201751244171 
201751244172 
201751244173 
201751244174 
201751244175 
201751244176 
201751244177 
201751244178 
201751244179 
201751244180 
201751244181 
201751244182 
201751244183 
201751244184 
201751244185 
201751244186 
201751244187 
201751244188 
201751244189 
201751244190 
201751244191 
201751244192 
201751244193 
201751244194 
201751244195 
201751244196 
201751244197 
201751244198 
201751244199 
201751244200 
201751244201 
201751244202 
201751244203 
201751244204 
201751244205 
201751244206 
201751244207 
201751244208 
201751244209 
201751244210 
201751244211 
201751244212 
201751244213 
201751244214 
201751244215 
201751244216 
201751244217 
201751244218 
201751244219 
201751244220 
201751244221 
201751244222 
201751244223 
201751244224 
201751244225 
201751244226 
201751244227 
201751244228 
201751244229 
201751244230 
201751244231 
201751244232 
201751244233 
201751244234 
201751244235 
201751244236 
201751244237 
201751244238 
201751244239 
201751244240 
201751244241 
201751244242 
201751244243 
201751244244 
201751244245 
201751244246 
201751244247 
201751244248 
201751244249 
201751244250 
201751244251 
201751244252 
201751244253 
201751244254 
201751244255 
201751244256 
201751244257 
201751244258 
201751244259 
201751244260 
201751244321 
201751244322 
201751244323 
201751244324 
201751244325 
201751244326 
201751244327 
201751244328 
201751244329 
201751244330 
201751244331 
201751244332 
201751244333 
201751244334 
201751244335 
201751244336 
201751244337 
201751244338 
201751244339 
201751244340 
201751244341 
201751244342 
201751244343 
201751244344 
201751244345 
201751244346 
201751244347 
201751244348 
201751244349 
201751244350 
201751244351 
201751244352 
201751244353 
201751244354 
201751244355 
201751244356 
201751244357 
201751244358 
201751244359 
201751244360 
201751244361 
201751244362 
201751244363 
201751244364 
201751244365 
201751244366 
201751244367 
201751244368 
201751244369 
201751244370 
201751244371 
201751244372 
201751244373 
201751244374 
201751244375 
201751244376 
201751244377 
201751244378 
201751244379 
201751244380 
201751244381 
201751244382 
201751244383 
201751244384 
201751244385 
201751244386 
201751244387 
201751244388 
201751244389 
201751244390 
201751244391 
201751244392 
201751244393 
201751244394 
201751244395 
201751244396 
201751244397 
201751244398 
201751244399 
201751244400 
201751244401 
201751244402 
201751244403 
201751244404 
201751244405 
201751244311 
201751244312 
201751244313 
201751244314 
201751244315 
201751244316 
201751244317 
201751244318 
201751244319 
201751244320 
201751244406 
201751244407 
201751244408 
201751244409 
201751244410 
201751244411 
201751244412 
201751244413 
201751244414 
201751244415 
201751244416 
201751244417 
201751244418 
201751244419 
201751244421 
201751244422 
201751244424 
201751244425 
201751244426 
201751244427 
201751244429 
201751244430 
201751244431 
201751244432 
201751244433 
201751244434 
201751244435 
201751244436 
201751244437 
201751244438 
201751244439 
201751244440 
201751244441 
201751244442 
201751244443 
201751244444 
201751244445 
201751244446 
201751244447 
201751244448 
201751244449 
201751244450 
201751244451 
201751244452 
201751244453 
201751244454 
201751244455 
201751244456 
201751244457 
201751244458 
201751244459 
201751244460 
201751244461 
201751244462 
201751244463 
201751244464 
201751244465 
201751244496 
201751244497 
201751244498 
201751244499 
201751244500 
201751244501 
201751244502 
201751244503 
201751244504 
201751244505 
201751244506 
201751244507 
201751244508 
201751244509 
201751244510 
201751244511 
201751244512 
201751244513 
201751244514 
201751244515 
201751244516 
201751244517 
201751244518 
201751244519 
201751244520 
201751244521 
201751244522 
201751244523 
201751244524 
201751244525 
201751244551 
201751244552 
201751244553 
201751244555 
201751244554 
201751244546 
201751244548 
201751244550 
201751244549 
201751244547 
201751244545 
201751244532 
201751244533 
201751244529 
201751244534 
201751244535 
201751244527 
201751244528 
201751244530 
201751244526 
201751244531 
201751244541 
201751244544 
201751244536 
201751244540 
201751244538 
201751244537 
201751244539 
201751244542 
201751244543 
201751244556 
201751244557 
201751244558 
201751244559 
201751244560 
201751244561 
201751244562 
201751244563 
201751244564 
201751244565 
201751244566 
201751244567 
201751244568 
201751244569 
201751244570 
201751244571 
201751244572 
201751244573 
201751244574 
201751244575 
201751244576 
201751244577 
201751244578 
201751244579 
201751244580 
201751244581 
201751244582 
201751244583 
201751244584 
201751244585 
201751244586 
201751244587 
201751244588 
201751244589 
201751244590 
201751244591 
201751244592 
201751244593 
201751244594 
201751244595 
201751244596 
201751244597 
201751244598 
201751244599 
201751244600 
201751244601 
201751244603 



























201751244604 
201751244606 
2017512445608 
201751244609 
201751244610 
201751244611 
201751244612 
201751244613 
201751244614 
201751244615 
201751244616 
201751244617 
201751244618 
201751244619 
201751244620 
201751244621 
201751244622 
201751244623 
201751244624 
201751244625 
201751244626 
201751244627 
201751244629 
201751244630 
201751244631 
201751244632 
201751244633 
201751244634 
201751244635 
201751244636 
201751244637 
201751244638 
201751244639 
201751244640 
201751244641 
201751244642 
201751244643 
201751244644 
201751244645 
201751244646 
201751244647 
201751244648 
201751244649 
201751244650 
201751244651 
201751244652 
201751244653 
201751244654 
201751244655 
201751244656 
201751244657 
201751244658 
201751244659 
201751244660 
201751244661 
201751244662 
201751244663 
201751244664 
201751244665 
201751244666 
201751244667 
201751244668 
201751244669 
201751244670 
201751244671 
201751244672 
201751244673 
201751244674 
201751244675 
201751244676 
201751244677 
201751244678 
201751244679 
201751244680 
201751244681 
201751244683 
201751244684 
201751244685 
201751244686 
201751244687 
201751244688 
201751244689 

201751244690 
201751244691 
201751244692 
201751244693 
201751244694 
201751244695 
201751244696 
201751244697 
201751244698 
201751244699 
201751244700 
201751244701 
201751244702 
201751244703 
201751244704 
201751244705 
201751244706 
201751244707 
201751244708 
201751244709 
201751244710 
201751244711 
201751244712 
201751244713 
201751244714 
201751244715 
201751244716 
201751244717 
201751244718 
201751244719 
201751244720 
201751244721 
201751244722 
201751244723 
201751244731 
201751244732 

201751244733 
201751244734 
201751244735 
201751244736 
201751244737 
201751244738 
201751244739 
201751244740 
201751244741 
201751244742 
201751244743 
201751244744 
201751244745 
201751244746 

201751244758 
201751244759 
201751244757 
201751244760 
201751244748 
201751244749 
201751244747 
201751244750 
201751244751 
201751244752 
201751244753 
201751244754 
201751244755 
201751244756 
201751244761 
201751244762 
201751244763 
201751244764 
201751244765 
201751244766 
201751244767 
201751244768 
201751244769 

201751244770 
201751244771 

201751244772 
201751244773 
201751244774 
201751244775 
201751244776 
201751244777 
201751244778 
201751244779 
201751244780 
201751244781 
201751244782 
201751244783 
201751244784 
201751244785 
201751244786 
201751244787 
201751244788 
201751244789 
201751244790 
201751244791 
201751244792 
201751244793 
201751244794 
201751244795 
201751244796 
201751244797 
201751244798 
201751244799 
201751244800 
201751244801 
201751244802 
201751244803 
201751244804 
201751244805 
201751244806 
201751244807 
201751244808 
201751244810 
201751244811 
201751244812 
201751244813 
201751244814 
201751244815 
201751244816 
201751244817 
201751244818 
201751244819 
201751244820 
201751244821 
201751244826 
201751244828 
201751244824 
201751244827 
201751244825 
201751244823 
201751244822 
201751244829 
201751244830 
201751244831 

201751244832 

201751244833 

201751244834 

201751244835 

201751244836 

201751244837 

201751244838 

201751244839 

201751244840 

201751244851 
201751244852 
201751244853 
201751244854 
201751244855 
201751244856 
201751244857 
201751244858 
201751244859 
201751244860 
201751244861 
201751244862 
201751244863 
201751244864 
201751244865 
201751244868 
201751244867 
201751244869 
201751244870 
201751244871 
201751244872 
201751244881 
201751244882 
201751244883 
201751244884 
201751244885 
201751244895 
201751244896 
201751244897 
201751244898 
201751244899 
201751244900 




