第1种如下:
2017512243151
2017512243152
2017512243153
2017512243154
2017512243155
2017512243156
2017512243157
2017512243158
2017512243159
2017512243160
2017512243161
2017512243162
2017512243163
2017512243164
2017512243165
2017512243166
2017512243167
2017512243168
2017512243169
2017512243170
2017512243171
2017512243172
2017512243173
2017512243174
2017512243175
2017512243176
2017512243177
2017512243178
2017512243179
2017512243180
2017512243181
2017512243182
2017512243183
2017512243184
2017512243185
2017512243186
2017512243187
2017512243188
2017512243189
2017512243190
2017512243191
2017512243192
2017512243193
2017512243194
2017512243195
2017512243196
2017512243197
2017512243198
2017512243199
2017512243200
2017512243201
2017512243202
2017512243203
2017512243204
2017512243205
2017512243206
2017512243207
2017512243208
2017512243209
2017512243210
2017512243211
2017512243212
2017512243213
2017512243214
2017512243215
2017512243216
2017512243217
2017512243218
2017512243219
2017512243220
2017512243221
2017512243222
2017512243223
2017512243224
2017512243225
2017512243226
2017512243227
2017512243228
2017512243229
2017512243230
2017512243231
2017512243232
2017512243233
2017512243234
2017512243235
2017512243236
2017512243237
2017512243238
2017512243239
2017512243240
2017512243241
2017512243242
2017512243243
2017512243244
2017512243245
2017512243246
2017512243247
2017512243248
2017512243249
2017512243250
2017512243251
2017512243252
2017512243253
2017512243254
2017512243255
2017512243256
2017512243257
2017512243258
2017512243259
2017512243260
2017512243261
2017512243262
2017512243263
2017512243264
2017512243265
2017512243266
2017512243267
2017512243268
2017512243269
2017512243270
2017512243271
2017512243272
2017512243273
2017512243274
2017512243275
2017512243276
2017512243277
2017512243278
2017512243279
2017512243280
2017512243281
2017512243282
2017512243283
2017512243284
2017512243285
2017512243286
2017512243287
2017512243288
2017512243289
2017512243290
2017512243291
2017512243292
2017512243293
2017512243294
2017512243295
2017512243296
2017512243297
2017512243298
2017512243299
2017512243300
2017512445608
第2种如下:
201751274293
第3种如下:
201751245608
